[11048, 18945, 39346, 4552, 18817, 54308, 32641, 59287, 22800, 25550, 37009, 4552, 27243, 39759, 30460, 29092, 4552, 30460, 16764, 25550, 37009, 24493, 37193, 4552, 37193, 37009, 4552, 22800, 24493, 37193, 24493, 47644, 4552, 37694, 59287, 37193, 4552, 24493, 37694, 46959, 59287, 25550, 36821, 28116, 49337, 59287, 37193, 4552, 39571, 4552, 15600, 25550, 59287, 28116, 59287, 34443, 59287, 37694, 59287, 37193, 4552, 25366, 37009, 4552, 34443, 36821, 35316, 25550, 24493, 25366, 59287, 4552, 25366, 37009, 4552, 36821, 47644, 35316, 59287, 25550, 49337, 24493, 34443, 36821, 30460, 29464, 47644, 53739, 22278]
[11048, 17252, 39346, 4552, 18817, 54308, 22691, 39759, 30460, 29092, 4552, 37193, 37009, 25550, 38066, 36821, 34443, 36821, 59287, 37193, 4552, 25366, 37009, 4552, 37193, 37009, 46959, 39759, 25550, 36821, 25366, 24493, 25366, 4552, 46959, 24493, 25550, 24493, 47644, 28116, 36821, 37878, 24493, 4552, 37694, 24493, 4552, 34443, 25550, 36821, 15600, 28116, 59287, 46959, 25550, 24493, 35316, 30460, 41608, 24493, 4552, 15600, 25550, 36821, 47644, 34443, 36821, 15600, 24493, 37694, 37009, 49337, 37009, 47644, 28116, 37009, 53739, 22278]
[11048, 28895, 39346, 4552, 18817, 54308, 29891, 39759, 24493, 37694, 30460, 29092, 37193, 4552, 35316, 39759, 37009, 25550, 59287, 47644, 4552, 37694, 59287, 37193, 4552, 15600, 25550, 36821, 49337, 37009, 25550, 59287, 37193, 4552, 28116, 36821, 15600, 59287, 37193, 4552, 25366, 37009, 4552, 28116, 30460, 29092, 34443, 47644, 36821, 34443, 24493, 37193, 4552, 37193, 59287, 22800, 25550, 37009, 4552, 37694, 59287, 37193, 4552, 27243, 39759, 37009, 4552, 37193, 37009, 4552, 22800, 24493, 37193, 59287, 4552, 37009, 37694, 4552, 25366, 37009, 37193, 24493, 25550, 25550, 59287, 37694, 37694, 59287, 4552, 25366, 37009, 4552, 37694, 24493, 4552, 34443, 25550, 36821, 15600, 28116, 59287, 46959, 25550, 24493, 35316, 30460, 41608, 24493, 53739, 22278]
[11048, 19818, 39346, 4552, 11048, 24493, 25550, 24493, 25366, 36821, 46959, 49337, 24493, 4552, 25366, 37009, 4552, 34443, 59287, 49337, 15600, 39759, 28116, 24493, 34443, 36821, 30460, 29464, 47644, 4552, 27243, 39759, 37009, 4552, 24493, 49337, 37009, 47644, 24493, 37878, 24493, 4552, 34443, 59287, 47644, 4552, 25550, 59287, 49337, 15600, 37009, 25550, 4552, 15600, 59287, 25550, 4552, 35316, 39759, 37009, 25550, 37878, 24493, 4552, 22800, 25550, 39759, 28116, 24493, 4552, 37694, 59287, 37193, 4552, 24493, 37694, 46959, 59287, 25550, 36821, 28116, 49337, 59287, 37193, 4552, 34443, 25550, 36821, 15600, 28116, 59287, 46959, 25550, 30460, 16764, 35316, 36821, 34443, 59287, 37193, 4552, 24493, 34443, 28116, 39759, 24493, 37694, 37009, 37193, 29580, 22278]
[11048, 31461, 39346, 4552, 23564, 30460, 29092, 34443, 47644, 36821, 34443, 24493, 4552, 37009, 47644, 4552, 37694, 24493, 4552, 27243, 39759, 37009, 4552, 37193, 37009, 4552, 37009, 37193, 28116, 39759, 25366, 36821, 24493, 47644, 4552, 37694, 59287, 37193, 4552, 15600, 24493, 28116, 25550, 59287, 47644, 37009, 37193, 4552, 59287, 4552, 34443, 24493, 25366, 37009, 47644, 24493, 37193, 4552, 25366, 37009, 4552, 28116, 37009, 27928, 28116, 59287, 4552, 27243, 39759, 37009, 4552, 37193, 37009, 4552, 25550, 37009, 15600, 36821, 28116, 37009, 47644, 4552, 37009, 47644, 4552, 37009, 37694, 4552, 49337, 37009, 47644, 37193, 24493, 35128, 37009, 39346, 22278]
[11048, 29768, 39346, 4552, 23564, 36821, 15600, 59287, 4552, 25366, 37009, 4552, 34443, 36821, 35316, 25550, 24493, 25366, 59287, 4552, 27243, 39759, 37009, 4552, 24493, 15600, 37694, 36821, 34443, 24493, 4552, 37694, 24493, 37193, 4552, 28116, 25550, 24493, 47644, 37193, 35316, 59287, 25550, 49337, 24493, 34443, 36821, 59287, 47644, 37009, 37193, 4552, 34443, 24493, 25550, 30460, 16764, 34443, 28116, 37009, 25550, 4552, 15600, 59287, 25550, 4552, 34443, 24493, 25550, 30460, 16764, 34443, 28116, 37009, 25550, 4552, 59287, 4552, 22800, 36821, 28116, 4552, 24493, 4552, 22800, 36821, 28116, 29580, 22278]
[11048, 41411, 39346, 4552, 32641, 37009, 25550, 38066, 36821, 34443, 36821, 59287, 4552, 25366, 37009, 4552, 37193, 37009, 46959, 39759, 25550, 36821, 25366, 24493, 25366, 4552, 27243, 39759, 37009, 4552, 47644, 59287, 4552, 37193, 37009, 4552, 34443, 59287, 47644, 37193, 36821, 46959, 39759, 37009, 4552, 15600, 59287, 25550, 4552, 49337, 37009, 25366, 36821, 59287, 4552, 25366, 37009, 4552, 37193, 36821, 37193, 28116, 37009, 49337, 24493, 37193, 4552, 34443, 25550, 36821, 15600, 28116, 59287, 46959, 25550, 30460, 16764, 35316, 36821, 34443, 59287, 37193, 4552, 24493, 37193, 36821, 49337, 30460, 29092, 28116, 25550, 36821, 34443, 59287, 37193, 39346, 22278]
[11048, 19630, 39346, 4552, 18817, 54308, 29891, 39759, 30460, 16764, 47644, 25366, 59287, 4552, 37193, 37009, 4552, 34443, 59287, 47644, 37193, 36821, 25366, 37009, 25550, 24493, 4552, 27243, 39759, 37009, 4552, 39759, 47644, 4552, 37193, 36821, 37193, 28116, 37009, 49337, 24493, 4552, 37009, 37193, 4552, 37694, 59287, 4552, 37193, 39759, 35316, 36821, 34443, 36821, 37009, 47644, 28116, 37009, 49337, 37009, 47644, 28116, 37009, 4552, 25550, 59287, 22800, 39759, 37193, 28116, 59287, 53739, 22278]
[11048, 31273, 39346, 4552, 23564, 36821, 15600, 59287, 37193, 4552, 25366, 37009, 4552, 15600, 25550, 59287, 28116, 59287, 34443, 59287, 37694, 59287, 37193, 4552, 25366, 37009, 4552, 34443, 59287, 49337, 39759, 47644, 36821, 34443, 24493, 34443, 36821, 30460, 29464, 47644, 4552, 37009, 47644, 4552, 25550, 37009, 25366, 37009, 37193, 39346, 22278]
[11048, 18945, 7302, 39346, 4552, 23564, 36821, 15600, 59287, 37193, 4552, 25366, 37009, 4552, 39759, 37193, 59287, 37193, 4552, 27243, 39759, 37009, 4552, 37193, 37009, 4552, 37694, 37009, 37193, 4552, 25366, 24493, 47644, 4552, 24493, 4552, 37694, 24493, 37193, 4552, 34443, 37694, 24493, 38066, 37009, 37193, 29580]
